84083000
84083002
84083005
84083006
84083007
84083008
84083009
84083010
84083011
84083012
84083014
84083015
84083017
84083019
84083020
84083021
84083022
84083025
84083026
84083027
84083028
84083029
84083030
84083031
84083033
84083034
84083035
84083036
84083037
84083038
84083039
84083040
84083041
84083044
84083045
84083046
84083047
84083051
84083053
84083054
84083056
84083057
84083058
84083060
84083064
84083065
84083066
84083067
84083068
84083069
84083070
84083072
84083073
84083075
84083076
84083078
84083079
84083080
84083081
84083082
84083083
84083084
84083089
84083090
84083091
84083092
84083095
84083096
84083100
84083102
84083103
84083104
84083106
84083107
84083110
84083111
84083112
84083113
84083114
84083115
84083117
84083118
84083120
84083121
